1e+06 0.3 0.173275913378072 0.999630235744775
1e+06 0.3 0.151650184879856 0.734462508615147
1e+06 0.3 0.183432218621413 0.965470732160804
1e+06 0.3 0.152455452920462 0.948497745153105
1e+06 0.3 0.176572048648724 0.255652409311417
1e+06 0.3 0.160779969668575 0.496056105267759
1e+06 0.3 0.156870130413807 0.760777919180689
1e+06 0.3 0.145263128441236 0.0368332975238451
1e+06 0.3 0.165098250070139 0.778994396773371
1e+06 0.3 0.138651356348822 0.740844415197897
1e+06 0.3 0.125438552695023 0.656078443780541
1e+06 0.3 0.134749752764469 0.95921454102185
1e+06 0.3 0.129604485881066 0.18788577967347
1e+06 0.3 0.165212737042763 0.320913425065284
1e+06 0.3 0.14246328547521 0.376766219395274
1e+06 0.3 0.209532389395056 0.9867171732258
1e+06 0.3 0.146450725752475 0.649160364529368
1e+06 0.3 0.133297741667818 0.715455907802772
1e+06 0.3 0.205024348151853 0.849931191214729
1e+06 0.3 0.202131187658647 0.991777655741891
1e+06 0.3 0.149064531042387 0.310180031301303
1e+06 0.3 0.14897297910273 0.718481933807411
1e+06 0.3 0.149505483601199 0.195635070542528
1e+06 0.3 0.17439619882928 0.999067962396249
1e+06 0.3 0.144961110426929 0.886666892205794
1e+06 0.3 0.19769340857419 0.995921977252383
1e+06 0.3 0.16989159024304 0.974614119838776
1e+06 0.3 0.187784722863348 0.90449664582997
1e+06 0.3 0.15254944890793 0.441306777158007
1e+06 0.3 0.192228792915959 0.898464750956212
1e+06 0.3 0.126832292691865 0.0196295503331323
1e+06 0.3 0.145906060556984 0.902954883585017
1e+06 0.3 0.13903324825878 0.898374608070892
1e+06 0.3 0.133228626914263 0.186900447404627
1e+06 0.3 0.146094206036862 0.992554137147538
1e+06 0.3 0.243258483251257 0.859035899429413
1e+06 0.3 0.167758383658575 0.639820792167074
1e+06 0.3 0.182767410525865 0.499597140209391
1e+06 0.3 0.174213704583991 0.484407264465889
1e+06 0.3 0.117856844497635 0.745544822803864
1e+06 0.3 0.182732634845582 0.983605039201153
1e+06 0.3 0.225678206292379 0.992779853878758
1e+06 0.3 0.173718361927533 0.448595603116366
1e+06 0.3 0.164443880049673 0.0842981111696426
1e+06 0.3 0.135358475170621 0.735142987878861
1e+06 0.3 0.131848349170406 0.0351312111730566
1e+06 0.3 0.148589896308236 0.0411283007228182
1e+06 0.3 0.169545355246717 0.93959493144231
1e+06 0.3 0.156811281750832 0.682933906570366
1e+06 0.3 0.144205382615998 0.596475940397966
1e+06 0.3 0.137747806056468 0.729713689210988
1e+06 0.3 0.162725350305299 0.71889914340726
1e+06 0.3 0.190190836041422 0.948017374876352
1e+06 0.3 0.133549065514125 0.881531377289956
1e+06 0.3 0.144263081162273 0.962731427435117
1e+06 0.3 0.270694435586228 0.966782581041416
1e+06 0.3 0.254679064467006 0.988762898792824
1e+06 0.3 0.159346412057437 0.179444315859132
1e+06 0.3 0.137288375258975 0.199511784818014
1e+06 0.3 0.14337145062797 0.179476083234438
1e+06 0.3 0.140642670879257 0.428990352365944
1e+06 0.3 0.161503649155239 0.712429810489521
1e+06 0.3 0.187454305551818 0.191639989631949
1e+06 0.3 0.196012893623777 0.934990293118269
1e+06 0.3 0.186245815417194 0.959423032324769
1e+06 0.3 0.134706912656791 0.959623402781639
1e+06 0.3 0.134668111442618 0.123477485762156
1e+06 0.3 0.149601057325744 0.0454601053135489
1e+06 0.3 0.163067855524511 0.607937046443546
1e+06 0.3 0.141018277034981 0.749442170431717
1e+06 0.3 0.212084071794515 0.994956840622106
1e+06 0.3 0.13191612573486 0.968705421865225
1e+06 0.3 0.137856499440063 0.0691834964039538
1e+06 0.3 0.227885772380742 0.973452983308827
1e+06 0.3 0.185135950634646 0.927522211364137
1e+06 0.3 0.163748582936145 0.960337277288736
1e+06 0.3 0.165745335043919 0.797379595115281
1e+06 0.3 0.134525380866962 0.224077174039044
1e+06 0.3 0.151834048753666 0.100567113412843
1e+06 0.3 0.16466654642458 0.278185813744577
1e+06 0.3 0.14463887980181 0.80865361147141
1e+06 0.3 0.133312616558385 0.601005536782218
1e+06 0.3 0.128060672858813 0.366872450479934
1e+06 0.3 0.123906393898476 0.0470607689514706
1e+06 0.3 0.189453506299912 0.100517267443744
1e+06 0.3 0.241057927375329 0.996857547095539
1e+06 0.3 0.140082678418002 0.728714337951721
1e+06 0.3 0.183899834336588 0.820576188736028
1e+06 0.3 0.137712148015329 0.455543329691757
1e+06 0.3 0.127369642734935 0.968684185588929
1e+06 0.3 0.254256582568875 0.669951383270507
1e+06 0.3 0.198108741346827 0.507681187122227
1e+06 0.3 0.140943484264864 0.22154119618699
1e+06 0.3 0.147428018892621 0.723213611853374
1e+06 0.3 0.249332154869217 0.979267147165574
1e+06 0.3 0.139338458208984 0.383794618161375
1e+06 0.3 0.156037437055353 0.514238259237947
1e+06 0.3 0.170096626455283 0.916811302057226
1e+06 0.3 0.153033039902305 0.261173039699778
1e+06 0.3 0.184007477082447 0.351962198615654
