1e+07 0.3 0.106165377268666 0.0943466809825798
1e+07 0.3 0.0986191970877344 0.930787510243088
1e+07 0.3 0.0939429771686312 0.499875215029608
1e+07 0.3 0.0872422983296054 0.857022025022521
1e+07 0.3 0.137258049142806 0.982753447091166
1e+07 0.3 0.0894730242178609 0.461933958748178
1e+07 0.3 0.179263202078005 0.999935246758035
1e+07 0.3 0.150885016212868 0.957800465870202
1e+07 0.3 0.0911706309585482 0.396461418914738
1e+07 0.3 0.157392563665592 0.919082314635511
1e+07 0.3 0.207216425671624 0.939611803621155
1e+07 0.3 0.110876890970014 0.120476573798905
1e+07 0.3 0.162760984739159 0.999512808884118
1e+07 0.3 0.0980135494155822 0.0674655850133172
1e+07 0.3 0.146990113537038 0.995882266730122
1e+07 0.3 0.200322472322637 0.999852424572734
1e+07 0.3 0.105110149686238 0.917057316477817
1e+07 0.3 0.156476109314801 0.362409527338271
1e+07 0.3 0.103238109583879 0.14847736069218
1e+07 0.3 0.102624517517902 0.12309087951289
1e+07 0.3 0.126296327934042 0.988107604760018
1e+07 0.3 0.107801162497963 0.490890278305021
1e+07 0.3 0.125193618503702 0.212289320554026
1e+07 0.3 0.160721348788629 0.925402761103455
1e+07 0.3 0.103784476060556 0.0586970121794721
1e+07 0.3 0.0962392342173618 0.741113153199272
1e+07 0.3 0.0887445015758172 0.887797034835566
1e+07 0.3 0.0896312967494108 0.279704187168495
1e+07 0.3 0.182028821694817 0.991026023761966
1e+07 0.3 0.120117139017735 0.848739847538142
1e+07 0.3 0.108104639920656 0.997108757010595
1e+07 0.3 0.195954840872903 0.801546425964304
1e+07 0.3 0.103810313024883 0.0602334793009844
1e+07 0.3 0.112874052817142 0.174043876656672
1e+07 0.3 0.135691889463864 0.6404543031085
1e+07 0.3 0.140312288912842 0.657563236003321
1e+07 0.3 0.194474924532686 0.999658855546323
1e+07 0.3 0.223636767033856 0.994932420866298
1e+07 0.3 0.180450920750013 0.995880847131057
1e+07 0.3 0.120287788120586 0.0715770274562306
1e+07 0.3 0.0861916883520155 0.413403210003947
1e+07 0.3 0.177368038430151 0.824445860054836
1e+07 0.3 0.107152525945489 0.745474896042658
1e+07 0.3 0.151785766639954 0.573431172357886
1e+07 0.3 0.0930393067775012 0.193370850361587
1e+07 0.3 0.139081325348526 0.884230383840998
1e+07 0.3 0.116591947931249 0.11984217298056
1e+07 0.3 0.0977720556532294 0.415750650152331
1e+07 0.3 0.15348987984858 0.999760901466975
1e+07 0.3 0.101842553828158 0.927041991199992
1e+07 0.3 0.125153358807467 0.786452465242355
1e+07 0.3 0.152866519066613 0.999033918525042
1e+07 0.3 0.216101543547456 0.953067067124022
1e+07 0.3 0.10481079847488 0.416924681077597
1e+07 0.3 0.12298445777045 0.124047415829321
1e+07 0.3 0.104074968217327 0.886096466932011
1e+07 0.3 0.145569995961955 0.995739017075693
1e+07 0.3 0.269988737428776 0.980232012092379
1e+07 0.3 0.113748831115113 0.819452989663822
1e+07 0.3 0.162419161531181 0.693127971751449
1e+07 0.3 0.225946926188461 0.982706359832279
1e+07 0.3 0.0944896433096619 0.708912126898958
1e+07 0.3 0.155191923929994 0.991502799425083
1e+07 0.3 0.0948701681366273 0.966044523988958
1e+07 0.3 0.170683105811048 0.874705975930656
1e+07 0.3 0.10390479778387 0.265126631145983
1e+07 0.3 0.11312901988212 0.788597425394605
1e+07 0.3 0.1783564847446 0.999747041149651
1e+07 0.3 0.110444630406068 0.746245090070957
1e+07 0.3 0.0919572783619629 0.14562735820347
1e+07 0.3 0.102500838968151 0.396289544898168
1e+07 0.3 0.107981843719759 0.74822162035171
1e+07 0.3 0.0981956548208126 0.751725369424665
1e+07 0.3 0.15802662854025 0.952485552962403
1e+07 0.3 0.125221691967877 0.793919626188582
1e+07 0.3 0.106192013682324 0.0882141186457273
1e+07 0.3 0.148880631028001 0.973837862984936
1e+07 0.3 0.112589948187849 0.151195403767355
1e+07 0.3 0.120108738379051 0.99852698802248
1e+07 0.3 0.185826990345196 0.999853111392843
1e+07 0.3 0.100006050147011 0.934505029127609
1e+07 0.3 0.0858094369285535 0.0406242087227139
1e+07 0.3 0.107150090161757 0.767478526928953
1e+07 0.3 0.201566825800523 0.977254353556486
1e+07 0.3 0.0936633505941961 0.154577200068158
1e+07 0.3 0.0937292930252736 0.206727645491295
1e+07 0.3 0.179710749902761 0.996496395670809
1e+07 0.3 0.213200213524755 0.95769463414813
1e+07 0.3 0.146338625576771 0.0976075000366989
1e+07 0.3 0.167730715955 0.992622932293964
1e+07 0.3 0.205610604254337 0.974183533807145
1e+07 0.3 0.0916034249187121 0.539872871488158
1e+07 0.3 0.108784665943557 0.996090685333468
1e+07 0.3 0.132969566000219 0.999916826700839
1e+07 0.3 0.103718940871065 0.572851309730086
1e+07 0.3 0.106664352923785 0.998144747346377
1e+07 0.3 0.134506345441225 0.109920729411351
1e+07 0.3 0.119665625485853 0.433347559848163
1e+07 0.3 0.203371371455554 0.954552235733056
1e+07 0.3 0.101142546230771 0.496041411947167
