1e+05 0.3 0.327103182251827 0.325580442675418
1e+05 0.3 0.263353935263685 0.162466501946442
1e+05 0.3 0.225120630541155 0.257765351550134
1e+05 0.3 0.226086878219974 0.204014535409663
1e+05 0.3 0.217609747760748 0.911821876818195
1e+05 0.3 0.229442838563671 0.270182770391506
1e+05 0.3 0.24557775716897 0.620737439181663
1e+05 0.3 0.204571188629832 0.0667422581415078
1e+05 0.3 0.199823856360117 0.154374234927556
1e+05 0.3 0.248711789629958 0.669546848740137
1e+05 0.3 0.173522604891131 0.543661314353542
1e+05 0.3 0.233377230736692 0.460807250398594
1e+05 0.3 0.20405931259595 0.448986580385723
1e+05 0.3 0.214782504781911 0.015571226379927
1e+05 0.3 0.204734454850319 0.366898424354106
1e+05 0.3 0.216598525980997 0.119000888632621
1e+05 0.3 0.239161037666491 0.280694761153185
1e+05 0.3 0.226768997975197 0.100463782789356
1e+05 0.3 0.247931846188585 0.255969326493709
1e+05 0.3 0.250856516349403 0.170268661519351
1e+05 0.3 0.199070153722797 0.93241389350543
1e+05 0.3 0.273220508146397 0.996132239729564
1e+05 0.3 0.314664524474756 0.865489996414146
1e+05 0.3 0.208412314929429 0.229857496906448
1e+05 0.3 0.244222433235811 0.983045571519872
1e+05 0.3 0.183006594203886 0.0685287846010756
1e+05 0.3 0.18012262943241 0.0158606130567939
1e+05 0.3 0.24792574931591 0.490735093262375
1e+05 0.3 0.26346905499487 0.901182592638968
1e+05 0.3 0.187023203481864 0.0833555445097899
1e+05 0.3 0.190835225063492 0.0395667041734124
1e+05 0.3 0.203220578723808 0.131461558165242
1e+05 0.3 0.245883669864544 0.968671760418078
1e+05 0.3 0.197715908579417 0.0454403621779252
1e+05 0.3 0.245148445348279 0.99371005605273
1e+05 0.3 0.183708037585074 0.364345450333147
1e+05 0.3 0.23184814948193 0.110435164032341
1e+05 0.3 0.26348474299414 0.89129754228382
1e+05 0.3 0.2920119528356 1.00006782197199
1e+05 0.3 0.203095984245173 0.999313866286916
1e+05 0.3 0.209878503514141 0.954597555497606
1e+05 0.3 0.195691359039825 0.260585708694757
1e+05 0.3 0.207068298681908 0.324406654423392
1e+05 0.3 0.249764469221931 0.300390617542479
1e+05 0.3 0.334707054815617 0.942673334233029
1e+05 0.3 0.222255706963502 0.914021658493479
1e+05 0.3 0.247269301630048 0.106102380570411
1e+05 0.3 0.215362208506491 0.192555182305481
1e+05 0.3 0.283995691351296 0.899759063457542
1e+05 0.3 0.256085366911382 0.562313799211644
1e+05 0.3 0.235508865736635 0.125098016610662
1e+05 0.3 0.205790306556936 0.118297643983514
1e+05 0.3 0.263323662772456 0.37072385731373
1e+05 0.3 0.225276085047509 0.872041554970471
1e+05 0.3 0.230848006972133 0.23053295452762
1e+05 0.3 0.24308173227165 0.30695337955509
1e+05 0.3 0.187643868106849 0.960795905994695
1e+05 0.3 0.190767048159483 0.485228650967867
1e+05 0.3 0.269056536983055 0.77251264285712
1e+05 0.3 0.195286030092629 0.196844584701692
1e+05 0.3 0.27736077304201 0.96107032621374
1e+05 0.3 0.254036641723037 0.617318707926825
1e+05 0.3 0.235309934904311 0.957947380577055
1e+05 0.3 0.241140840164518 0.252703824950112
1e+05 0.3 0.198806673930071 0.570089242897415
1e+05 0.3 0.248883883148937 0.335641173681882
1e+05 0.3 0.210695490644066 0.313969067486983
1e+05 0.3 0.170998604021145 0.975915193069657
1e+05 0.3 0.18413641264919 0.753722855601862
1e+05 0.3 0.204487463112935 0.47049542098084
1e+05 0.3 0.214610380113848 0.782546527957605
1e+05 0.3 0.183369475903087 0.189459701765567
1e+05 0.3 0.181439159032348 0.558558949924978
1e+05 0.3 0.222191471771157 0.467591791219315
1e+05 0.3 0.279026234592709 0.973362748302077
1e+05 0.3 0.206375941120701 0.249453118434455
1e+05 0.3 0.207201358791446 0.204825801320907
1e+05 0.3 0.371506257948062 0.995809764603247
1e+05 0.3 0.217981183943403 0.750894008575359
1e+05 0.3 0.236693915133261 0.530102168281712
1e+05 0.3 0.198835790427373 0.430021368262499
1e+05 0.3 0.240072404505186 0.556905908317256
1e+05 0.3 0.289023820712065 0.66384940957109
1e+05 0.3 0.216911104855009 0.182479288918994
1e+05 0.3 0.245550447633855 0.510560254835092
1e+05 0.3 0.225133539979244 0.124654144219518
1e+05 0.3 0.241902428261713 0.315657310788563
1e+05 0.3 0.167423785793197 0.164431934882043
1e+05 0.3 0.216016855729881 0.916101976432988
1e+05 0.3 0.182002364808502 0.148060526053558
1e+05 0.3 0.194579435785655 0.476117171009816
1e+05 0.3 0.237058006408338 0.285799234335128
1e+05 0.3 0.198355066173033 0.660958717033453
1e+05 0.3 0.210047667405178 0.927016542998922
1e+05 0.3 0.197442341251125 0.687399225912492
1e+05 0.3 0.229794149664297 0.855177741673931
1e+05 0.3 0.221008476764827 0.44744726387697
1e+05 0.3 0.241498650933433 0.272899749358327
1e+05 0.3 0.259421548232806 0.0231004674964835
1e+05 0.3 0.186400335703754 0.331598224699608
