1e+07 5 0.454092756573719 0.192076671131501
1e+07 5 0.472838025539666 0.78444348175665
1e+07 5 1.10637135510713 0.898337884033113
1e+07 5 1.02758372148895 0.800571487971433
1e+07 5 0.839367752340788 0.600532503587876
1e+07 5 0.866775201622046 0.995131234587444
1e+07 5 0.532966529682688 0.729140913890351
1e+07 5 0.454092756573719 0.191625343488734
1e+07 5 0.472838025539666 0.78399499195282
1e+07 5 0.454092756573719 0.192076671131501
1e+07 5 0.472838025539666 0.78444348175665
1e+07 5 1.10637135510713 0.898337884033113
1e+07 5 0.454092756573719 0.192076671131501
