1e+05 0.2 0.200878911357607 0.0430885776945276
1e+05 0.2 0.236699767062027 0.938694087566781
1e+05 0.2 0.268248912917686 0.636656567836695
1e+05 0.2 0.286248200078709 0.904375927937089
1e+05 0.2 0.229794149664296 0.795693426057049
1e+05 0.2 0.215089242103205 0.682774352517765
1e+05 0.2 0.247437264921983 0.916595334445165
1e+05 0.2 0.248277457295776 0.40731714440919
1e+05 0.2 0.227390448462432 0.192853514138263
1e+05 0.2 0.207714641417231 0.21427810894222
1e+05 0.2 0.185161330836518 0.00323917896195679
1e+05 0.2 0.230323215369759 0.432919349388266
1e+05 0.2 0.194982491719129 0.432893173626253
1e+05 0.2 0.215645961121412 0.714254312092992
1e+05 0.2 0.206040761814741 0.959370921973723
1e+05 0.2 0.219078202522266 0.638064284060321
1e+05 0.2 0.192577125781323 0.350834084254801
1e+05 0.2 0.151413673027056 0.643445206273477
1e+05 0.2 0.19670554311732 0.3550937895421
1e+05 0.2 0.179173695195539 0.358472097483568
1e+05 0.2 0.187081005662307 0.107762836194436
1e+05 0.2 0.245690690724008 0.165426217114209
1e+05 0.2 0.195465589821098 0.0735668781361854
1e+05 0.2 0.227116500471816 0.157632400197884
1e+05 0.2 0.209622301094752 0.593235645925733
1e+05 0.2 0.18136942332685 0.798583878384392
1e+05 0.2 0.236242718943563 0.980407753553644
1e+05 0.2 0.17198470370132 0.351933535357936
1e+05 0.2 0.208787828787223 0.0236495090786275
1e+05 0.2 0.207096667700259 0.997724940525293
1e+05 0.2 0.199872639683445 0.45225893782474
1e+05 0.2 0.174501783940851 0.986857597893636
1e+05 0.2 0.184251301996723 0.733339105826753
1e+05 0.2 0.172099468286979 0.479177375404613
1e+05 0.2 0.225441484883623 0.503837306711804
1e+05 0.2 0.262409632101741 0.445417782036202
1e+05 0.2 0.241615845055061 0.775264505699111
1e+05 0.2 0.238691449378398 0.927961432772632
1e+05 0.2 0.194770950695541 0.126707145725476
1e+05 0.2 0.272507373607214 0.186675892287445
1e+05 0.2 0.245537329215901 0.485694354309146
1e+05 0.2 0.188451334264599 0.265103298768834
1e+05 0.2 0.234985996411606 0.0857116375702333
1e+05 0.2 0.271474091625589 0.156515487455438
1e+05 0.2 0.205859064497315 0.394654482984733
1e+05 0.2 0.199189826822134 0.718247818034716
1e+05 0.2 0.186900048941168 0.331400147411972
1e+05 0.2 0.190743330361157 0.59938927323448
1e+05 0.2 0.184896127038601 0.919451522127512
1e+05 0.2 0.17604467632975 0.116472556845357
1e+05 0.2 0.218605257495528 0.0919029184257193
1e+05 0.2 0.19136027568843 0.522157059135873
1e+05 0.2 0.191179308791726 0.324749484597183
1e+05 0.2 0.202436955740014 0.290975417121043
1e+05 0.2 0.273886148293947 0.424510485912526
1e+05 0.2 0.185901635198699 0.224919687542505
1e+05 0.2 0.200435506005896 0.160647598419835
1e+05 0.2 0.153201414026995 0.395312048465595
1e+05 0.2 0.191095736382728 0.506787565736351
1e+05 0.2 0.172614348011845 0.0404416133957615
1e+05 0.2 0.211179385920611 0.660264004192191
1e+05 0.2 0.178456701448658 0.089075625869586
1e+05 0.2 0.303586559570456 0.572515226775788
1e+05 0.2 0.21042004296585 0.400713595830244
1e+05 0.2 0.197782629422336 0.123280662632608
1e+05 0.2 0.26015427133342 0.730481221549441
1e+05 0.2 0.155332235456957 0.999889774308409
1e+05 0.2 0.242490522273201 0.898170864839213
1e+05 0.2 0.204418703491419 0.236734533719056
1e+05 0.2 0.199049946551391 0.438191288260083
1e+05 0.2 0.240912543934327 0.145938878170643
1e+05 0.2 0.200029651187688 0.999760551366739
1e+05 0.2 0.247221825538487 0.371031351292023
1e+05 0.2 0.205408140628494 0.0807063320421061
1e+05 0.2 0.19463313380976 0.569217536096908
1e+05 0.2 0.192302700016407 0.467956961165291
1e+05 0.2 0.232132960159322 0.140274177808573
1e+05 0.2 0.189850405401604 0.211058463771933
1e+05 0.2 0.235301499968308 0.382478048070227
1e+05 0.2 0.210038732654434 0.932651503092389
1e+05 0.2 0.225065345397499 0.517052591494372
1e+05 0.2 0.231676207820313 0.936503392019794
1e+05 0.2 0.199690574547979 0.678150035754693
1e+05 0.2 0.197978940662598 0.445795944577525
1e+05 0.2 0.200049546051665 0.372666380731953
1e+05 0.2 0.186639101960215 0.205488266813955
1e+05 0.2 0.182587244877035 0.774543875499835
1e+05 0.2 0.199171469529255 0.489145074959256
1e+05 0.2 0.212682385768491 0.229916808011084
1e+05 0.2 0.182293945480735 0.17608028367583
1e+05 0.2 0.220592251380301 0.599745832963035
1e+05 0.2 0.174584714891604 0.579375203396583
1e+05 0.2 0.208717902309021 0.95670326734148
1e+05 0.2 0.212079930893411 0.670868493729881
1e+05 0.2 0.2269517745366 0.339033708113765
1e+05 0.2 0.174660887560266 0.708053707209659
1e+05 0.2 0.212142470175542 0.931839550364996
1e+05 0.2 0.180409354279657 0.26874286413223
1e+05 0.2 0.305789487644763 0.610876283017757
1e+05 0.2 0.209977213297765 0.0538292768269631
1e+06 0.2 0.134594165065906 0.228135805690732
1e+06 0.2 0.161768503407807 0.685382955879041
1e+06 0.2 0.136842130505178 0.365956699077551
1e+06 0.2 0.140494920588265 0.258213909833876
1e+06 0.2 0.171112792200445 0.411459456266559
1e+06 0.2 0.130773282065656 0.0593901778771383
1e+06 0.2 0.1438549997414 0.0591343108410841
1e+06 0.2 0.129507461067363 0.0762461173618596
1e+06 0.2 0.133619655189141 0.907588048128246
1e+06 0.2 0.129604485881066 0.375718018071322
1e+06 0.2 0.126713039182402 0.821665594684448
1e+06 0.2 0.164825095722842 0.30209397597595
1e+06 0.2 0.149906627966139 0.264865377768045
1e+06 0.2 0.150073523479208 0.827580769060488
1e+06 0.2 0.131661756666371 0.894892329225911
1e+06 0.2 0.136645528980464 0.0269983599640583
1e+06 0.2 0.160407556572694 0.554115442275244
1e+06 0.2 0.15217806166759 0.496065929415505
1e+06 0.2 0.171249566253284 0.357026267018026
1e+06 0.2 0.182102348591718 0.0773926369766694
1e+06 0.2 0.14304255428541 0.999807271566386
1e+06 0.2 0.145313620126176 0.63678697568649
1e+06 0.2 0.140090657533674 0.858007025426401
1e+06 0.2 0.114886653931415 0.665272424416501
1e+06 0.2 0.167451925569556 0.147171644537176
1e+06 0.2 0.151362915919767 0.875129624286985
1e+06 0.2 0.128668326628841 0.889923595706422
1e+06 0.2 0.135916048532915 0.81704449782525
1e+06 0.2 0.145868911432043 0.295585459613739
1e+06 0.2 0.147772259518706 0.138504118632664
1e+06 0.2 0.182504164756974 0.125789130787637
1e+06 0.2 0.134924389684871 0.0483493653833858
1e+06 0.2 0.130607434940935 0.0999061600037785
1e+06 0.2 0.152549448907932 0.752984829295542
1e+06 0.2 0.135941479324264 0.41255885628751
1e+06 0.2 0.129648917821002 0.456762881857727
1e+06 0.2 0.193285688167572 0.866011942446623
1e+06 0.2 0.128503281115466 0.761671644000924
1e+06 0.2 0.145906060556986 0.947021693651813
1e+06 0.2 0.119324388388972 0.123381858952428
1e+06 0.2 0.133228626914262 0.874799062720391
1e+06 0.2 0.138675222580515 0.0590857713198856
1e+06 0.2 0.217394016391676 0.128869688676873
1e+06 0.2 0.151619519408513 0.139163792671879
1e+06 0.2 0.166335072885335 0.881897115924949
1e+06 0.2 0.122575038738705 0.630382296123052
1e+06 0.2 0.180529429931452 0.238207232672547
1e+06 0.2 0.13262856684277 0.568002997365753
1e+06 0.2 0.12904707353121 0.951390568784462
1e+06 0.2 0.174040301151896 0.966915616365606
1e+06 0.2 0.127750916426809 0.272501966669804
1e+06 0.2 0.164379381210235 0.999958075684494
1e+06 0.2 0.153569202331572 0.0618982090722606
1e+06 0.2 0.190836158729574 0.513973405329999
1e+06 0.2 0.16835847293877 0.999259642552468
1e+06 0.2 0.151812870430241 0.867237769996636
1e+06 0.2 0.15139750827286 0.490891685809476
1e+06 0.2 0.150046508782589 0.0993296758955737
1e+06 0.2 0.195393321774434 0.956269652221391
1e+06 0.2 0.183388468704818 0.998509313971622
1e+06 0.2 0.152861355694105 0.122770410165246
1e+06 0.2 0.125243719194546 0.486233831718207
1e+06 0.2 0.114737064334655 0.95186592216208
1e+06 0.2 0.123220207958448 0.364121688808516
1e+06 0.2 0.132987722052792 0.0636370516932681
1e+06 0.2 0.145502234349447 0.580503510962428
1e+06 0.2 0.129645793617889 0.912769498923152
1e+06 0.2 0.127425447580953 0.0521707905267688
1e+06 0.2 0.162725350305302 0.653225071724912
1e+06 0.2 0.203527156603082 0.993256537155296
1e+06 0.2 0.150965716109562 0.194723864654826
1e+06 0.2 0.13826506415235 0.353400270108129
1e+06 0.2 0.133428824055876 0.0600316843462963
1e+06 0.2 0.182208840108958 0.994146930513821
1e+06 0.2 0.199492453690187 0.99982693016943
1e+06 0.2 0.160949857556409 0.998003787687616
1e+06 0.2 0.159346412057438 0.845679569785924
1e+06 0.2 0.123878163119886 0.430339134192425
1e+06 0.2 0.123358955745134 0.733752463081928
1e+06 0.2 0.12593126290601 0.698005109618634
1e+06 0.2 0.136917425745226 0.991889317580538
1e+06 0.2 0.140642670879328 0.712181955646218
1e+06 0.2 0.14851494616517 0.425547042380667
1e+06 0.2 0.151753518825529 0.429995707295788
1e+06 0.2 0.136986319747743 0.43218575468067
1e+06 0.2 0.168306116359017 0.992161095101519
1e+06 0.2 0.196012893623778 0.972626085964824
1e+06 0.2 0.124888624352039 0.992978930689261
1e+06 0.2 0.162841414826272 0.22808730581424
1e+06 0.2 0.13665789225225 0.134666679061007
1e+06 0.2 0.166032626553051 0.00994835784896318
1e+06 0.2 0.140608836815547 0.667549395442907
1e+06 0.2 0.12324331309963 0.115907735423372
1e+06 0.2 0.163067855524566 0.980754495853433
1e+06 0.2 0.106166213480164 0.931096376386768
1e+06 0.2 0.137946303827932 0.230263530651439
1e+06 0.2 0.217544042004705 0.577123162862772
1e+06 0.2 0.159583439362919 0.0439146697540771
1e+06 0.2 0.128289192242122 0.411664951565554
1e+06 0.2 0.137856499440062 0.176926798434104
1e+07 0.2 0.0853621093649399 0.979866713184043
1e+07 0.2 0.0955019115582466 0.0153713118761115
1e+07 0.2 0.0975333590060158 0.663233990348921
1e+07 0.2 0.144032095162779 0.958484284603001
1e+07 0.2 0.104537147374149 0.223544211877314
1e+07 0.2 0.0944865255542953 0.0729177136216695
1e+07 0.2 0.0967008868589579 0.283738864770778
1e+07 0.2 0.0939429771687117 0.855838172188424
1e+07 0.2 0.0856327821957991 0.0113255610594771
1e+07 0.2 0.132248237806045 0.990445514250547
1e+07 0.2 0.0974733500342939 0.0495291275873148
1e+07 0.2 0.107750601211328 0.579070099008534
1e+07 0.2 0.0894730242178654 0.298056663239469
1e+07 0.2 0.106056930118076 0.997189386236206
1e+07 0.2 0.0842215550762048 0.290553084963112
1e+07 0.2 0.108069108682483 0.331752237453657
1e+07 0.2 0.104807758036174 0.114698366125942
1e+07 0.2 0.0901930763044002 0.949914165852772
1e+07 0.2 0.132651542054425 0.986456261480749
1e+07 0.2 0.127747483980578 0.978780672793042
1e+07 0.2 0.104876449675786 0.444155394989838
1e+07 0.2 0.0941434743160439 0.527732193385116
1e+07 0.2 0.116728714742213 0.664129361743471
1e+07 0.2 0.103735091206083 0.829438239706594
1e+07 0.2 0.0887808786278979 0.355890095899833
1e+07 0.2 0.109993219487654 0.935116734659877
1e+07 0.2 0.089624937189446 0.0690158533828688
1e+07 0.2 0.141970932367586 0.502657866535448
1e+07 0.2 0.0833922889289942 0.0115406191027234
1e+07 0.2 0.105110149686281 0.484157686150409
1e+07 0.2 0.156476109314636 0.152258134259748
1e+07 0.2 0.103238109583904 0.331409070688838
1e+07 0.2 0.110850582406261 0.0971030834114394
1e+07 0.2 0.11725141992087 0.962449900121386
1e+07 0.2 0.0920332036339133 0.145265373949712
1e+07 0.2 0.150947923433013 0.119554087839171
1e+07 0.2 0.081901359909097 0.227858150742155
1e+07 0.2 0.125193618503768 0.427780499965675
1e+07 0.2 0.0719649488470085 0.225304790502723
1e+07 0.2 0.0740954032088001 0.216192193284432
1e+07 0.2 0.125892478049384 0.995302716013953
1e+07 0.2 0.112944966220694 0.975563085127836
1e+07 0.2 0.0962392342173688 0.720116602613526
1e+07 0.2 0.0875548108274076 0.253082556591714
1e+07 0.2 0.113702695782904 0.827007778242014
1e+07 0.2 0.122598851355871 0.956183416576294
1e+07 0.2 0.0752943923934633 0.633326161794748
1e+07 0.2 0.105508417611038 0.979482532839941
1e+07 0.2 0.0919504690950089 0.251668290025808
1e+07 0.2 0.100052388799329 0.951132303481137
1e+07 0.2 0.0980173802007945 0.0887801398168965
1e+07 0.2 0.113786555460652 0.579317583884296
1e+07 0.2 0.0972733092753709 0.133397807647163
1e+07 0.2 0.133671261363408 0.990209769693898
1e+07 0.2 0.0862299444782879 0.538588519516254
1e+07 0.2 0.130697691236499 0.985206993119052
1e+07 0.2 0.13335700477967 0.999976704872666
1e+07 0.2 0.109297105156169 0.986473637522394
1e+07 0.2 0.0989940095965456 0.742524574311392
1e+07 0.2 0.0903037198193056 0.238696375711844
1e+07 0.2 0.185532452029975 0.903816581527597
1e+07 0.2 0.124264164914711 0.999539623235011
1e+07 0.2 0.120287788120619 0.714229651288362
1e+07 0.2 0.113967934554256 0.906265810810609
1e+07 0.2 0.0892785503119754 0.534629788774657
1e+07 0.2 0.108892465980777 0.898226701647937
1e+07 0.2 0.106712113026473 0.277870092589446
1e+07 0.2 0.0996229283792608 0.0112873532145102
1e+07 0.2 0.111833894658493 0.162196475840849
1e+07 0.2 0.104794515707628 0.994178117071725
1e+07 0.2 0.0957017568219738 0.0884538422724151
1e+07 0.2 0.0830532918080067 0.635396957861816
1e+07 0.2 0.121055836318742 0.932148679349959
1e+07 0.2 0.109001340276938 0.286125540117398
1e+07 0.2 0.0917081291369047 0.21920384751658
1e+07 0.2 0.131084978060483 0.015235708102174
1e+07 0.2 0.11044066810258 0.450819424973016
1e+07 0.2 0.133051939305443 0.999393292891465
1e+07 0.2 0.101842553829865 0.99794515086551
1e+07 0.2 0.115587579788627 0.087374328225046
1e+07 0.2 0.118218762256575 0.971550330210642
1e+07 0.2 0.0800571133377408 0.107714356606741
1e+07 0.2 0.10404468377192 0.956372712444589
1e+07 0.2 0.110808052350522 0.992504948813814
1e+07 0.2 0.104810798474957 0.23381550983661
1e+07 0.2 0.122984457770541 0.294769827246736
1e+07 0.2 0.125006309281445 0.371180202392515
1e+07 0.2 0.164240639593517 0.952669371616841
1e+07 0.2 0.0893587937194964 0.424434199390378
1e+07 0.2 0.123229415163546 0.122720098901136
1e+07 0.2 0.132058856450747 0.957690191010957
1e+07 0.2 0.0951719873477922 0.756431424730528
1e+07 0.2 0.0827423377056083 0.550773818885024
1e+07 0.2 0.110112835800325 0.721469485686819
1e+07 0.2 0.0870563734523968 0.430765400209159
1e+07 0.2 0.0818193490718016 0.0981011688712573
1e+07 0.2 0.106318908668071 0.0320519132159257
1e+07 0.2 0.107361584465579 0.923891768608271
1e+07 0.2 0.107954340694641 0.43000396997899
1e+07 0.2 0.107790398051448 0.424231149258499
1e+08 0.2 0.0847460703368222 0.999883995248102
1e+08 0.2 0.0900872109968855 0.638188025499745
1e+08 0.2 0.0735436950560334 0.901239222905865
1e+08 0.2 0.072307357938016 0.792830060839993
1e+08 0.2 0.125877733268179 0.998230164011058
1e+08 0.2 0.0622319311821468 0.319578210297594
1e+08 0.2 0.0732541480358677 0.39585014931973
