1e+07 , 1 , 0.350427369546914
1e+07 1 0.180441362342992
1e+07 1 0.454092756590333
1e+07 1 0.378970313902068
10 1 0.525344813822796
1e+07 1 0.412220901480785
1e+07 1 0.213358212016159
1e+07 1 0.454092756590334
1e+07 1 0.378970313902068
1e+07 1 0.180441362342991
1e+07 1 0.286329949031309
1e+07 1 0.358531473323077
1e+07 1 0.187016122464176
1e+08 1 0.449625081370275
1e+08 1 0.139927549054051
1e+08 1 0.117865225258991
1e+08 1 0.127599669650687
1e+08 1 0.137360302930067
1e+08 1 0.405595809860401
1e+05 1 0.485165627603956
1e+05 1 0.229276342293225
1e+05 1 0.237554384420323
1e+05 1 0.254681112232866
1e+05 1 0.239161037666491
1e+05 1 0.250856516349402
1e+05 1 0.314664524474755
1e+05 1 0.260502339647573
1e+05 1 0.263469054994863
1e+05 1 0.251611156568803
1e+05 1 0.592419330152006
1e+05 1 0.444834522448175
1e+05 1 0.330974905108308
1e+05 1 0.251505902300295
1e+05 1 0.549804319525807
1e+05 1 0.249635898115289
1e+05 1 0.250273897967666
1e+05 1 0.372976594382175
1e+05 1 0.608848739344157
1e+05 1 0.266898449043935
1e+05 1 0.538574551075114
1e+05 1 0.398755924132551
1e+05 1 0.648167680037408
1e+05 1 0.4552438505724
1e+05 1 0.305790161165534
1e+06 1 0.203177685998095
1e+06 1 0.584765290995388
1e+06 1 0.352327698870108
1e+06 1 0.165128423184563
1e+06 1 0.181789260205182
1e+06 1 0.216720814062952
1e+06 1 0.406547284901909
1e+06 1 0.149505483601188
1e+06 1 0.595530928488979
1e+06 1 0.256038008167171
1e+06 1 0.21739401639167
1e+06 1 0.196215027169365
1e+06 1 0.203262460774607
1e+06 1 0.230422847829477
1e+06 1 0.376149023937075
1e+06 1 0.291010525854701
1e+06 1 0.291985085952643
1e+06 1 0.612864575496957
1e+06 1 0.347138319725738
1e+06 1 0.365127300035076
1e+06 1 0.481754796738873
1e+06 1 0.69460584663163
1e+06 1 0.586009037125826
1e+06 1 0.174176284896861
1e+06 1 0.197348866741853
1e+07 1 0.203615779139141 0.745201257219908
1e+07 1 0.224822461900153 0.430571483099709
1e+07 1 0.345399807827503 0.729458338760743
1e+07 1 0.368695605452968 0.596553479825064
1e+07 1 0.534029108494428 0.937594550627962
1e+07 1 0.471941775760991 0.99874965002564
1e+07 1 0.495225889684058 0.896469665534906
1e+07 1 0.350255107161517 0.999607640754031
1e+07 1 0.397544051187001 0.917711426579178
1e+07 1 0.223396962029906 0.999999630394627
1e+07 1 0.602491108348831 0.939587415416677
1e+07 1 0.268344300192802 0.998583403715735
1e+07 1 0.390089527027308 0.906602369075476
1e+07 1 0.312778692670383 0.998707593578952
1e+07 1 0.131084978060477 0.729517023584904
1e+07 1 0.152949422761194 0.949817514291141
1e+07 1 0.543950031931054 0.874490882473869
1e+07 1 0.363652396935799 0.994598220477056
1e+07 1 0.309942617191496 0.999402153688485
1e+07 1 0.160067690986687 0.851988858889467
1e+07 1 0.242399609549039 0.802265917645552
1e+07 1 0.213276143502544 0.950420782287184
1e+07 1 0.22053585940809 0.962202511040001
1e+07 1 0.199209304994969 0.47368850740367
1e+07 1 0.120822798098481 0.0133463605659803
1e+07 8 0.186129929419549
