10000 5 0.690377506615996 0.474695875358206
10000 5 1.31114966456511 0.999239261983131
10000 5 0.880843319115091 0.846119037112814
10000 5 0.596318483702073 0.351268266573657
10000 5 1.30283797167512 0.996666014550309
10000 5 0.727211933667321 0.23697244702792
10000 5 0.483364739103158 0.547566087411343
10000 5 1.17339648815542 0.937948504835633
10000 5 1.2217462316366 0.935300588345569
10000 5 0.809168599629469 0.927489295867545
10000 5 0.362740677659308 0.0842050169283857
10000 5 1.48598165251976 0.789345417985702
10000 5 2.50993548238736 0.995348869037649
10000 5 0.70306246593638 0.999046753897391
10000 5 0.516807908433128 0.684224325905373
10000 5 0.667648962258077 0.472563855533963
10000 5 1.82883431646611 0.992580306480588
10000 5 2.23209581559505 0.988481119452053
10000 5 1.00893928253489 0.700645060922492
10000 5 0.76992293065786 0.60419663168099
10000 5 0.567781831413812 0.999518850162472
10000 5 0.771680281127133 0.369852952924771
10000 5 0.886386892619204 0.171205776399815
10000 5 1.15509807652316 0.959881468785477
10000 5 2.28612506283835 0.986900377400369
10000 5 1.97168911932853 0.987590288319958
10000 5 0.728332405500938 0.904465097057176
10000 5 1.12219537552434 0.475085564499336
10000 5 1.05808661543878 0.999725704055449
10000 5 1.55441622318112 0.75473002498445
10000 5 1.04025267288793 0.896748902317384
10000 5 1.51287334232076 0.870201088852281
10000 5 1.4245429651483 0.987314762799831
10000 5 0.596764234518717 0.433518216396489
10000 5 0.746715606379335 0.785594035675954
10000 5 2.43980331083247 0.927676680510465
10000 5 1.28247144612287 0.678945970552391
10000 5 1.76656681744356 0.942651878414307
10000 5 0.702599511484914 0.56438142893969
10000 5 1.72944538885468 0.975184575425278
10000 5 0.553698200848433 0.293011410797718
10000 5 0.474260546023787 0.99991395283197
10000 5 1.18007968385958 0.527832271511777
10000 5 2.42328094546989 0.979471309465741
10000 5 0.857023649448916 0.995745724385004
10000 5 0.409382267941119 0.282498326033938
10000 5 0.703409824099532 0.316988068235878
10000 5 0.543449357535569 0.952102633499619
10000 5 1.8788918270775 0.956382634955845
10000 5 0.796105496130163 0.283464379474257
10000 5 1.18374173194746 0.756837418950143
10000 5 1.56014857444395 0.981315389155762
10000 5 0.796324742151772 0.975475614317584
10000 5 2.36244323598242 0.999097405703999
10000 5 0.912314098163421 0.99779817345393
10000 5 0.621437635434745 0.94694594964077
10000 5 1.83082216267608 0.934749714874387
10000 5 0.482200743347068 0.25327618046195
10000 5 1.7764358775724 0.870764017166995
10000 5 1.3194919283573 0.963936272969605
10000 5 0.66430808506043 0.54753054592266
10000 5 1.97095160860253 0.88288608993564
10000 5 0.919587458610963 0.994946072219858
10000 5 0.834641835980479 0.764330347997245
10000 5 0.95741057063284 0.635277997434012
10000 5 0.909404917047728 0.885718621495231
10000 5 0.496402679599818 0.382614669711669
10000 5 2.10661498616439 0.914528596740342
10000 5 1.06764747281493 0.588839356220229
10000 5 1.67515348654026 0.76402479686106
10000 5 1.22266780623313 0.765310272496725
10000 5 1.41678673240928 0.945000164995837
10000 5 0.815826339062802 0.317658856651513
10000 5 2.19290349172626 1.00000247199116
10000 5 1.88641650291054 0.90160014653616
10000 5 1.35274581512734 0.991876721511075
10000 5 1.05262584834022 0.493272899031991
10000 5 0.909521177663737 0.853217189561073
10000 5 0.447911901318793 0.161510749232445
10000 5 1.38909946518735 0.998463940050776
10000 5 0.939885491501633 0.440967038691753
10000 5 0.716134420230092 0.515592798225932
10000 5 0.752722516589427 0.489325992839321
10000 5 2.19832770059979 0.941717043980173
10000 5 1.36858016071213 0.884523755814305
10000 5 1.26670726718016 0.572908478741477
10000 5 1.71857740350459 0.975315460385222
10000 5 0.753026679786745 0.502063536462061
10000 5 2.15768576761846 0.99825840731441
10000 5 1.6262702640062 0.805758458885659
10000 5 0.955150386558077 0.781984445832984
10000 5 0.647009610994211 0.494161666811673
10000 5 2.24601766621478 0.999701258884
10000 5 0.581367844827122 0.945257395410584
10000 5 1.78968363643468 0.648986450616597
10000 5 1.994109507397 0.994212621395432
10000 5 1.37405433887318 0.6103944598439
10000 5 1.02980743166904 0.545812577356192
10000 5 0.988253741399691 0.99639349376956
10000 5 1.73881514593215 0.490617989198721
