1e+05 5 0.983031496222301 0.673960160660731
1e+05 5 1.7173281607902 0.999755679098887
1e+05 5 0.891893248839521 0.458190777876687
1e+05 5 0.774492317062311 0.47567731559426
1e+05 5 1.09574052546999 0.834771005759815
1e+05 5 2.1566528505319 0.977035786952952
1e+05 5 0.45946419730479 0.610953930852649
1e+05 5 0.656628240770934 0.550268198513619
1e+05 5 1.07795240568911 0.854695725112689
1e+05 5 0.700093715041605 0.608197358631083
1e+05 5 1.28082302303728 0.978291200739357
1e+05 5 1.38262537367321 0.991659837429103
1e+05 5 0.503353979483772 0.998306068609964
1e+05 5 0.857223703760702 0.956605607878632
1e+05 5 1.14311121829412 0.993507985816167
1e+05 5 1.13222688282916 0.998637024978716
1e+05 5 1.35888558975423 0.867952763500676
1e+05 5 0.825168798876485 0.911892659536006
1e+05 5 1.24159864304437 0.989349744178852
1e+05 5 0.315882978725006 0.237547026300216
1e+05 5 1.41751757140276 0.846383332621939
1e+05 5 0.305564080929453 0.660702322623509
1e+05 5 1.47161407580511 0.824545511775439
1e+05 5 1.47359395242961 0.999661492889681
1e+05 5 0.904180106738097 0.657871794345786
1e+05 5 0.79223833052336 0.655557792912832
1e+05 5 1.62236497179593 0.859242966334186
1e+05 5 0.750761893648322 0.815740309330393
1e+05 5 0.568283325672211 0.728740187013604
1e+05 5 0.442123605507915 0.248615937023704
1e+05 5 2.47927799451608 0.993833758918009
1e+05 5 1.14799906605632 0.498233452728047
1e+05 5 0.758599118659593 0.997274797393727
1e+05 5 0.985832145951594 0.997212079307898
1e+05 5 0.872825834484947 0.83729347705431
1e+05 5 1.59660597499337 0.999554454908268
1e+05 5 1.31264995107677 0.981128656047674
1e+05 5 1.30806280384521 0.991888878883619
1e+05 5 1.69596020693348 0.529815973585834
1e+05 5 1.69298957127077 0.93519992569758
1e+05 5 1.26623270022161 0.64709981696493
1e+05 5 0.651751515812636 0.204014851837807
1e+05 5 1.11205509506061 0.836632156145693
1e+05 5 1.34042877701139 0.840733333468759
1e+05 5 1.60624374127853 0.965505768457636
1e+05 5 1.24316622527569 0.80405295900995
1e+05 5 0.796357445808582 0.66096897546322
1e+05 5 2.02588238777137 0.871065597618678
1e+05 5 1.83586145082402 0.966039280167336
1e+05 5 1.03778205259009 0.910180953953443
1e+05 5 0.894336062807575 0.549222438066028
1e+05 5 0.8179561146724 0.862385837235531
1e+05 5 0.309745984184232 0.170956297129562
1e+05 5 0.926100908880326 0.990387094552131
1e+05 5 1.56992622415307 0.735573927106226
1e+05 5 1.22310186057629 0.732305867493001
1e+05 5 1.13837247094719 0.528244397495551
1e+05 5 0.395934856548449 0.844606660324041
1e+05 5 1.25587087398962 0.695113842876845
1e+05 5 1.96887284744336 0.922094527080049
1e+05 5 1.51171581830638 0.785778051605179
1e+05 5 2.09088309285339 0.997540954530064
1e+05 5 0.902170387734103 0.90798659494322
1e+05 5 0.915405299517624 0.931097164922906
1e+05 5 0.56979673079145 0.941115476191797
1e+05 5 0.823874901961148 0.56057846466157
1e+05 5 1.48695609616017 0.990482985892711
1e+05 5 1.3019477076693 0.998186013819749
1e+05 5 1.02411736206015 0.993363482533289
1e+05 5 0.82889514864558 0.986006417534828
1e+05 5 2.28960117366276 0.999969146221772
1e+05 5 1.04178566211581 0.511455008991942
1e+05 5 0.554699056016349 0.29079229097256
1e+05 5 0.906574724101649 0.544788025738179
1e+05 5 0.795201753326132 0.487389517786948
1e+05 5 1.15603932901535 0.63768515410127
1e+05 5 0.453071644091271 0.300709370485955
1e+05 5 0.7628964514606 0.301828081919129
1e+05 5 1.0633998041032 0.903497510875086
1e+05 5 0.507057776534891 0.916907552884387
1e+05 5 0.889742397788988 0.535106775437983
1e+05 5 0.583791918395068 0.426208477082458
1e+05 5 0.807248265178061 0.316190117227536
1e+05 5 0.779038760340799 0.989073006742914
1e+05 5 0.835351660581417 0.610676715339217
1e+05 5 0.815701116288899 0.773821388343429
1e+05 5 1.33425072249579 0.737781076833332
1e+05 5 1.66990455591668 0.968585229200619
1e+05 5 1.31334256247162 0.93464060937909
1e+05 5 0.970033210116606 0.671259337196315
1e+05 5 0.506312540666806 0.200622796524054
1e+05 5 0.586892721029124 0.558167767426882
1e+05 5 1.23291273091876 0.685154743797405
1e+05 5 1.48308900082809 0.941521969737962
1e+05 5 1.32548078047333 0.999943163290963
1e+05 5 0.744380734205569 0.998777882252588
1e+05 5 0.360309116709324 0.154095092801544
1e+05 5 1.51599595761728 0.999775244133158
1e+05 5 1.84066224169941 0.999991578305435
1e+05 5 0.982214570970401 0.642433975450519
