1e+06 5 0.557425011872892 0.963444882289138
1e+06 5 0.55016982429373 0.484111698500069
1e+06 5 0.995189574916116 0.562637589630111
1e+06 5 1.3779039160945 0.898827678834644
1e+06 5 0.417166723029297 0.680799869564174
1e+06 5 0.758544371477661 0.599732413042571
1e+06 5 0.948649869913551 0.9742331260037
1e+06 5 0.695813554975112 0.985664794049916
1e+06 5 0.306304730318766 0.666830109144391
1e+06 5 0.796967667908042 0.614063605792941
1e+06 5 1.02799668201397 0.994281870209212
1e+06 5 1.47179563318349 0.968898418725231
1e+06 5 1.16510155775897 0.700884536658229
1e+06 5 1.01151645914842 0.999489908870391
1e+06 5 0.867052847754141 0.802654267187699
1e+06 5 0.962091474720407 0.911707202454971
1e+06 5 0.238355963347118 0.390592695191809
1e+06 5 0.621656613562046 0.267500842239053
1e+06 5 0.674030398916816 0.999976606639111
1e+06 5 1.01893520992826 0.925580014645402
1e+06 5 0.877982642087154 0.975770532058068
1e+06 5 0.533206399705235 0.673516893242441
1e+06 5 0.93292813935773 0.629830067994332
1e+06 5 0.232445194339257 0.61064529037235
1e+06 5 1.05194466191519 0.931477873796476
1e+06 5 1.29500457745111 0.999915433036751
1e+06 5 0.561524872619528 0.419562309284167
1e+06 5 0.647531272552882 0.997810533021168
1e+06 5 0.327862704223949 0.28858787915501
1e+06 5 1.05487143471856 0.97665987844111
1e+06 5 1.06330983077315 0.999948326298602
1e+06 5 0.721808019660891 0.939752161385852
1e+06 5 0.558704855911786 0.305676114602759
1e+06 5 1.33720172558194 0.897165161036606
1e+06 5 0.585581023962939 0.858114981702474
1e+06 5 1.27094383916115 0.891776031725951
1e+06 5 1.194974130066 0.549890285694981
1e+06 5 0.961246884105772 0.972959065183879
1e+06 5 0.961635916429079 0.860661122417254
1e+06 5 0.814828936530691 0.611834477691246
1e+06 5 0.931711582426222 0.818933856959319
1e+06 5 0.645191274591288 0.744438780711235
1e+06 5 0.628272381545662 0.328325644653363
1e+06 5 1.03170030406991 0.510440387184817
1e+06 5 1.17178773245572 0.984462117561804
1e+06 5 1.3491349629402 0.998422130625814
1e+06 5 1.86899086383218 0.964615267518334
1e+06 5 0.550318114150901 0.994254972904771
1e+06 5 0.599076298123682 0.999986198471906
1e+06 5 1.05578165188696 0.992298745117728
1e+06 5 1.34615493363415 0.588930264031017
1e+06 5 0.912683579718232 0.757934742559014
1e+06 5 0.923710200642364 0.936311347237163
1e+06 5 0.507109217684608 0.492526299984257
1e+06 5 0.514947873170951 0.26367527469187
1e+06 5 1.09477384251934 0.776949601161485
1e+06 5 0.761570266481236 0.678365602286629
1e+06 5 0.442435844792776 0.421830731493464
1e+06 5 1.31631397386028 0.89971672536267
1e+06 5 0.708135540998284 0.98401896455506
1e+06 5 0.836054954338135 0.967257646797064
1e+06 5 1.20532320156403 0.757953201435797
1e+06 5 1.06146171012139 0.482896759370633
1e+06 5 0.582460280543015 0.264940719600701
1e+06 5 0.599514550118673 0.786348343874524
1e+06 5 1.06112556135462 0.805242455842456
1e+06 5 1.56128463450512 0.996482544064812
1e+06 5 2.16648978974535 0.999605495354418
1e+06 5 0.579535458661223 0.37258011071063
1e+06 5 1.98999014459554 0.999520328461923
1e+06 5 0.639104845240873 0.809400602627551
1e+06 5 0.85059762428069 0.933085995396242
1e+06 5 1.0365894101154 0.975820634878929
1e+06 5 1.07071333871013 0.467440655726524
1e+06 5 0.886645531628439 0.655158907005021
1e+06 5 0.624381516005086 0.61268745501906
1e+06 5 0.813682144333118 0.999960781378523
1e+06 5 0.687087319764279 0.999430372861225
1e+06 5 0.595188568737552 0.448485401924742
1e+06 5 0.431496256405741 0.455056735399986
1e+06 5 0.472311629486893 0.587517896616291
1e+06 5 1.16463006573998 0.999967417127605
1e+06 5 1.93033548573683 0.827607971278287
1e+06 5 0.79497292752859 0.712598908969537
1e+06 5 1.89567403032354 0.998832097808154
1e+06 5 0.831477956483735 0.995246678840616
1e+06 5 1.13164358057091 0.914921500506694
1e+06 5 0.498852014489293 0.650719303730222
1e+06 5 1.37021160793533 0.99936441502003
1e+06 5 0.481998804818247 0.159080536763143
1e+06 5 0.941657593660003 0.823973370379277
1e+06 5 0.349085731056839 0.965636589597753
1e+06 5 2.04472520881907 0.992624874244029
1e+06 5 1.01310412084168 0.956159410753685
1e+06 5 1.48996373536777 0.850545018347265
1e+06 5 0.611886692433145 0.497505251651446
1e+06 5 0.978126950472694 0.940230208911071
1e+06 5 1.40461113772345 0.981814127150296
1e+06 5 1.45851604049929 0.972833328810888
1e+06 5 1.50660324176294 0.801880358704609
